0011000000000000
0010000000111110
1111000000100010
1110001001000010
0100100000101000
0101100100100000
0010001000111111
0010110000111011
0100100000101111
0001100100000011
0010000000110110
1111000000100010
1110001000111010
0100100000011111
0010001000111000
0010110000110100
0100100000100111
0001100100000011
0010000000101111
1111000000100010
1110001000110011
0100100000010111
0010001000110001
0010110000101101
0100100000011111
0001100100000011
0001100100111000
0000110000001101
0001100100111000
0000110000001000
0001100100111000
0000110000000011
0010000000101011
1111000000100010
0000111000001001
0010000000100111
1111000000100010
0000111000000110
0010000000100011
1111000000100010
0000111000000011
0010000000011111
1111000000100010
0000111000000000
0000111111010100
0011111000010001
1110000000011110
1111000000100010
1111000000100000
1111000000100001
0001000000110000
0001000000110000
0001000000110000
0111000001000000
0010111000001000
1100000111000000
0011111000000110
0101010010100000
0001001001111111
0001010110000001
0110011010000000
0010111000000001
1100000111000000
0000000000000000
0011001100000000
0011001101101001
0011001111010000
0011001101100101
0011001111001100
0011010000101101
0000000000000000
0000000000000000
0000000000000000
0011010000110001
0011010001111101
0011010011001010
0011010011101110
0000000001000001
0000000001101110
0000000001110011
0000000001110111
0000000001100101
0000000001110010
0000000000111010
0000000000100000
0000000000000000
